[-0.11 0.02 -0.36 -0.11 0.48 -0.2 0.27 0.29 -0.34 -0.05 0.23 0.08 -0.45
 '0.250000000000000   '] 
[-0.3 -0.37 -0.18 -0.09 -0.16 -0.16 -0.1 -0.09 0.46 0.32 0.02 0.31 0.4
 '-0.0700000000000000 '] 
[0.5 0.18 0.41 nan nan 0.15 -0.25 -0.41 -0.07 -0.13 -0.15 -0.01 -0.28
 '-0.0900000000000000 '] 
[0.0 -0.11 nan 0.19 0.0 -0.07 0.18 0.18 -0.23 -0.16 0.03 -0.12 -0.11
 '0.230000000000000                                   '] 
[0.4 -0.16 0.31 -0.34 0.02 0.21 -0.7 0.11 0.08 0.05 -0.09 0.07 0.04
 '-0.0100000000000000 '] 
[0.39 -0.18 -0.09 -0.04 -0.25 -0.69 -0.64 -0.38 0.41 0.33 -0.62 0.23 0.92
 '0.610000000000000   '] 
[0.5 -0.24 -0.16 nan 0.04 nan -0.11 0.1 -0.04 -0.01 -0.04 -0.15 0.05
 '-0.110000000000000  '] 
[-0.52 -0.48 -0.73 -0.42 -0.4 -0.01 -0.34 0.55 nan 0.37 -0.29 0.63 0.87
 '0.280000000000000   '] 
[-0.87 -0.17 0.1 -0.12 nan 0.52 -0.28 0.5 0.09 -0.01 0.08 -0.15 -0.16
 '-0.160000000000000  '] 
[-1.39 -0.57 -0.16 -0.02 0.3 0.41 0.03 0.5 0.48 0.51 -0.11 0.14 -0.06
 '-0.0500000000000000 '] 
[0.15 -0.58 0.19 0.02 0.41 0.11 0.02 nan 0.13 0.13 -0.22 0.02 -0.3
 '-0.120000000000000  '] 
[-0.47 -0.63 0.0 -0.29 0.13 0.43 0.33 0.33 0.28 0.31 -0.08 0.03 -0.13
 '-0.230000000000000                  '] 
[-0.64 -0.04 -0.07 -0.09 -0.06 0.11 0.28 -0.03 0.09 0.33 0.33 -0.09 -0.04
 '-0.0700000000000000 '] 
[-0.36 -0.53 0.23 0.81 0.22 -0.06 nan -0.22 0.14 0.2 -0.16 -0.1 0.03
 '-0.0400000000000000 '] 
[0.94 0.17 0.12 -0.01 -0.58 -0.48 -0.41 0.08 0.0 -0.35 -0.2 0.2 0.15
 '0.370000000000000                   '] 
[0.42 -0.23 -0.1 nan -0.1 -0.08 -0.01 0.05 -0.07 -0.19 0.02 0.5 0.0
 '0.190000000000000                   '] 
[0.47 0.29 0.03 0.06 -0.12 -0.04 -0.04 0.03 -0.27 -0.21 -0.03 -0.25 -0.01
 '0.0900000000000000  '] 
[-1.21 -0.44 -0.02 0.51 0.7 0.47 0.26 0.41 -0.02 -0.05 0.04 -0.34 -0.38
 '0.0700000000000000  '] 
[0.11 -0.35 0.05 0.11 0.52 0.32 0.43 -0.12 -0.12 -0.25 0.01 -0.35 -0.43
 '0.0700000000000000  '] 
[0.4 -0.54 -0.24 -0.33 -0.24 -0.07 -0.01 0.13 0.24 0.06 -0.24 nan 0.46
 '0.220000000000000   '] 
[-0.5 nan 0.24 0.75 0.66 0.53 0.44 -0.05 -0.12 -0.03 -0.06 -0.55 -0.6
 '-0.480000000000000  '] 
[0.24 -0.09 0.9 -0.09 -0.04 0.01 0.13 -0.04 -0.21 -0.03 0.04 -0.02 -0.78
 '-0.0200000000000000 '] 
[0.24 -0.07 -0.15 0.24 0.04 0.0 0.23 0.08 -0.14 -0.18 -0.05 -0.23 -0.03
 '0.0300000000000000                  '] 
[0.41 -0.18 0.24 0.1 0.5 0.23 0.07 -0.24 0.05 -0.12 -0.22 -0.12 -0.51
 '-0.200000000000000  '] 
[0.1 -0.05 -0.18 -0.27 0.39 0.59 -0.29 0.13 -0.1 0.03 -0.07 -0.24 0.09
 '-0.130000000000000  '] 
[-0.24 -0.11 -0.05 -0.06 0.38 0.05 0.41 0.16 0.06 0.24 0.0 -0.3 -0.39
 '-0.150000000000000                  '] 
[0.01 -0.31 -0.16 0.12 -0.02 nan -0.26 -0.05 0.0 0.11 0.19 0.01 -0.06
 '0.0400000000000000                  '] 
[0.81 nan 0.07 -0.25 -0.51 -0.45 -0.53 -0.07 0.13 -0.15 -0.03 0.35 0.15
 '0.520000000000000   '] 
[0.13 0.02 0.04 0.07 0.37 0.02 0.02 -0.02 0.1 -0.16 -0.21 -0.21 -0.06
 '-0.110000000000000  '] 
[-0.36 0.14 -0.14 0.45 0.69 0.5 -0.04 -0.12 -0.14 -0.02 0.2 -0.02 -1.34
 '0.200000000000000   '] 
[0.23 0.03 -0.29 0.11 0.19 0.17 0.13 0.12 -0.16 -0.1 -0.02 -0.21 -0.15
 '-0.0600000000000000 '] 
[0.58 0.33 0.01 -0.29 -0.38 -0.17 0.17 -0.05 0.01 -0.15 0.07 0.13 -0.17
 '-0.100000000000000  '] 
[0.62 0.08 -0.23 0.07 nan nan 0.04 -0.01 0.25 -0.08 -0.33 0.3 -0.64
 '-0.130000000000000  '] 
[0.12 -0.15 -0.19 0.09 0.27 0.35 0.07 -0.03 -0.13 -0.08 0.19 -0.27 -0.15
 '-0.0800000000000000 '] 
[-0.41 0.54 0.36 0.01 -0.2 0.05 nan 0.15 -0.11 0.01 -0.31 -0.12 -0.04
 '0.160000000000000   '] 
[0.72 -0.21 0.14 -0.08 -0.32 -0.21 -0.13 0.03 0.14 -0.01 -0.26 0.02 -0.24
 '0.420000000000000   '] 
[-0.04 -0.18 -0.04 -0.18 0.11 0.13 0.12 0.15 0.05 -0.01 -0.01 -0.04 -0.05
 '0.0100000000000000  '] 
[0.38 -0.25 -0.05 0.23 -0.09 0.87 -0.05 -0.25 0.05 0.3 -0.48 -0.3 -0.01
 '-0.350000000000000  '] 
[0.83 0.1 0.1 -0.04 -0.18 -0.22 -0.2 0.21 0.1 -0.24 -0.18 -0.06 -0.26
 '0.0700000000000000  '] 
[nan -0.29 -0.15 0.01 0.23 -0.05 0.28 0.15 0.13 nan 0.13 -0.03 -0.31
 '-0.0100000000000000 '] 
[-0.15 0.16 0.0 -0.07 -0.08 -0.04 -0.44 -0.07 0.0 0.37 -0.05 0.13 -0.02
 '0.270000000000000                                   '] 
[-0.15 -0.12 -0.01 -0.25 -0.21 -0.39 -0.05 0.08 0.23 0.1 -0.05 0.3 0.43
 '0.0800000000000000  '] 
[0.04 0.05 -0.01 0.24 0.35 -0.14 0.07 nan -0.05 -0.17 -0.03 -0.14 0.0
 '-0.0300000000000000                 '] 
[0.08 0.3 0.3 -0.9 -0.02 0.0 0.27 -0.17 0.0 0.15 0.11 -0.06 0.07
 '-0.110000000000000                                  '] 
[1.86 0.52 -1.49 0.53 -0.96 -0.65 0.08 -0.33 -0.2 -0.44 -0.28 0.45 0.57
 '0.340000000000000   '] 
[0.15 -0.02 0.04 nan 0.35 0.07 0.13 0.1 -0.15 -0.32 0.06 -0.2 -0.51
 '-0.180000000000000  '] 
[nan 0.11 0.37 0.66 0.14 0.16 0.06 -0.53 -0.3 -0.22 -0.17 -0.57 -0.32
 '0.170000000000000   '] 
[-0.2 -0.26 -0.32 0.23 -0.17 -0.28 0.14 0.3 0.0 0.11 0.17 0.08 0.02
 '0.180000000000000                   '] 
[-0.74 -0.25 -0.43 -0.23 0.01 nan -0.17 0.42 0.22 0.51 -0.12 0.33 0.16
 '0.470000000000000   '] 
[-0.27 -0.14 0.34 0.41 0.16 0.05 0.27 -0.08 0.28 0.24 0.03 0.07 -1.17
 '-0.190000000000000  '] 
[-0.21 -0.06 nan 0.35 0.2 0.15 0.24 -0.09 -0.48 nan 0.13 -0.43 -0.06
 '-0.0400000000000000 '] 
[-0.19 -0.03 -0.43 -0.31 0.03 0.19 -0.11 0.19 0.14 0.16 nan 0.22 -0.17
 '0.120000000000000   '] 
[-0.15 0.29 -0.03 0.04 -0.01 0.02 -0.01 -0.11 -0.01 -0.04 -0.15 0.04 0.01
 '0.130000000000000   '] 
[0.23 -0.02 0.01 -0.32 0.22 0.01 0.29 0.09 -0.19 -0.23 nan -0.15 -0.21
 '0.0100000000000000  '] 
[-0.77 -0.45 -0.04 0.14 0.55 0.37 0.36 0.16 -0.19 0.14 0.03 -0.14 -0.53
 '0.370000000000000   '] 
[-0.88 -0.53 -0.22 0.15 0.53 0.15 0.15 0.32 0.27 0.12 -0.41 0.14 0.11
 '0.110000000000000   '] 
[0.35 -0.14 nan -0.12 -0.24 -0.47 -0.31 0.06 0.19 0.06 nan 0.38 0.29
 '0.110000000000000   '] 
[nan -0.37 0.1 -0.07 -0.23 -0.08 -0.07 0.05 0.05 -0.08 -0.04 -0.25 0.12
 '0.170000000000000   '] 
[1.81 0.87 0.05 0.35 -1.13 -1.05 0.74 -0.52 -0.66 -1.13 -0.57 0.51 0.37
 '0.340000000000000   '] 
[0.6 0.09 -0.04 0.03 -0.21 -0.49 -0.18 -0.31 -0.01 0.14 0.08 0.18 -0.14
 '0.270000000000000   '] 
[-0.94 0.05 0.08 0.69 0.65 0.32 0.06 -0.34 -0.05 0.1 -0.46 -0.25 -0.07
 '0.150000000000000   '] 
[0.0 -0.14 -0.29 0.19 0.35 0.06 0.31 0.15 -0.06 -0.43 0.24 -0.01 -0.31
 '-0.0600000000000000                 '] 
[0.36 -0.01 -0.03 -0.1 0.26 0.28 -0.17 -0.15 0.04 -0.2 0.06 -0.15 -0.15
 '-0.0300000000000000 '] 
[0.42 0.07 0.48 0.36 0.12 -0.07 0.02 -0.04 -0.38 -0.53 -0.1 nan -0.13
 '0                   '] 
[0.1 0.3 -0.05 -0.45 -0.51 -0.29 0.0 0.14 0.12 -0.17 0.01 0.29 0.14
 '0.370000000000000                   '] 
[1.04 0.54 0.15 -0.27 -0.06 -0.27 -0.15 -0.06 -0.33 -0.37 0.07 -0.17 -0.05
 '-0.0500000000000000 '] 
[0.64 -0.09 0.05 -0.25 -0.17 -0.02 -0.07 -0.1 -0.19 -0.04 0.0 0.0 0.03
 '0.220000000000000                                   '] 
[0.97 0.33 -0.07 0.43 -0.09 -0.4 -0.24 -0.04 -0.04 -0.26 -0.28 -0.06 nan
 '-0.0900000000000000 '] 
[0.24 -0.14 0.22 0.24 0.17 -0.18 -0.14 -0.35 -0.01 -0.09 -0.06 0.04 nan
 '0.170000000000000   '] 
[0.91 0.02 0.09 0.11 -0.18 -0.12 -0.42 -0.19 -0.08 -0.14 0.03 0.19 -0.04
 '-0.180000000000000  '] 
[0.0 -0.32 0.08 0.32 0.19 -0.05 0.08 0.0 -0.2 0.05 0.1 -0.07 -0.12
 '-0.0700000000000000                                 '] 
[-0.14 0.1 -0.32 -0.25 -0.31 0.02 0.17 0.14 0.05 0.07 0.17 -0.06 0.18
 '0.180000000000000   '] 
[-0.52 -0.1 -0.12 -0.14 0.01 -0.09 0.28 0.34 0.19 0.07 nan -0.09 nan
 '0.160000000000000   '] 
[0.38 -0.07 0.05 0.32 0.41 -0.15 0.01 0.16 -0.07 -0.21 -0.13 -0.19 -0.35
 '-0.170000000000000  '] 
[0.55 0.15 0.17 -0.2 -0.43 -0.47 -0.13 0.09 0.01 0.01 nan -0.13 0.05
 '0.540000000000000   '] 
[0.87 0.51 0.05 0.06 -0.2 -0.18 -0.24 -0.23 -0.15 -0.07 nan -0.4 -0.01
 '0.0300000000000000  '] 
[0.17 -0.43 -0.03 0.05 0.03 0.45 0.07 0.19 -0.12 0.07 0.02 -0.08 -0.25
 '-0.140000000000000  '] 
[0.33 -0.08 -0.14 -0.78 -0.3 0.06 0.39 0.08 0.2 -0.14 0.33 0.37 -0.22
 '-0.100000000000000  '] 
[-0.35 -0.3 0.07 0.09 0.01 -0.51 nan 0.24 0.14 0.21 -0.19 0.24 0.29
 '0.140000000000000   '] 
[0.07 -0.65 0.07 -0.17 0.14 0.3 0.07 0.01 0.07 0.05 0.33 -0.1 -0.41
 '0.230000000000000   '] 
[-0.78 -0.09 0.23 0.17 0.35 0.4 0.26 0.19 -0.13 0.05 0.05 -0.48 -0.67
 '0.460000000000000   '] 
[0.31 0.0 0.31 -0.16 0.1 -0.5 -0.1 -0.2 0.31 -0.1 0.14 -0.4 0.39
 '-0.100000000000000                  '] 
[0.1 -0.07 0.25 -0.13 0.29 0.18 0.18 -0.13 -0.07 -0.23 0.41 -0.69 nan
 '-0.110000000000000  '] 
[-0.38 -0.07 0.16 -0.28 0.02 0.15 0.26 -0.06 nan 0.02 0.32 -0.11 -0.03
 '0.240000000000000   '] 
[0.44 0.24 -0.06 -0.32 -0.16 -0.08 -0.09 -0.08 0.08 -0.14 0.19 0.09 -0.17
 '0.0800000000000000  '] 
[0.31 0.0 -0.08 0.17 0.09 -0.17 0.11 nan 0.22 0.06 -0.11 0.03 -0.29
 '-0.170000000000000                  '] 
[0.02 -0.3 0.02 -0.02 0.33 0.06 0.23 0.16 0.23 -0.28 -0.02 -0.13 -0.16
 '-0.130000000000000  '] 
[0.48 -0.04 -0.05 0.39 -0.17 -0.17 0.02 -0.09 -0.15 -0.15 0.08 -0.15 -0.07
 nan] 
[-0.52 -0.05 -0.01 0.57 0.49 0.3 nan 0.16 -0.05 -0.15 0.05 -0.12 -0.42
 '-0.440000000000000  '] 
[0.09 0.42 0.08 0.42 0.0 -0.29 0.08 -0.08 -0.31 0.02 0.27 -0.27 -0.39
 '-0.0600000000000000                 '] 
[0.65 0.21 0.21 0.12 0.05 -0.19 0.02 -0.11 -0.11 -0.3 -0.11 -0.37 -0.07
 '-0.0100000000000000 '] 
[-0.46 -0.26 -0.3 0.12 0.12 0.03 0.13 0.05 0.04 0.22 -0.03 0.22 0.16 nan] 
[0.29 0.36 0.38 -0.21 -0.02 0.16 0.21 -0.16 -0.21 -0.25 0.28 -0.29 -0.41
 '-0.120000000000000  '] 
[1.47 0.3 0.2 -0.24 -0.22 0.02 -0.06 -0.37 -0.04 -0.32 0.06 -0.04 -0.29
 '-0.480000000000000  '] 
[0.59 0.22 0.01 -0.33 -0.18 -0.29 -0.06 -0.02 0.28 -0.12 -0.21 0.06 0.23
 '-0.180000000000000  '] 
[-0.21 -0.52 -0.3 0.08 -0.03 -0.36 -0.2 0.23 0.17 0.43 0.04 0.13 0.1
 '0.450000000000000   '] 
[-0.11 -0.6 0.63 0.06 0.13 0.29 0.2 0.04 -0.05 0.11 0.04 -0.32 -0.43
 '0.0100000000000000  '] 
[-0.16 -0.01 -0.07 -0.05 -0.09 0.07 0.23 0.09 -0.27 0.12 0.07 0.04 -0.16
 '0.180000000000000   '] 
[0.36 0.43 0.0 -0.35 -0.02 -0.25 0.16 0.07 -0.53 -0.14 0.13 -0.08 0.13
 'NaN                '] 
[0.58 -0.04 0.02 0.51 nan 0.12 -0.25 -0.08 -0.02 -0.29 0.21 -0.75 -0.22
 '0.110000000000000   '] 
[-0.27 -0.08 -0.21 0.06 -0.06 0.06 0.0 0.15 0.31 0.03 0.1 0.0 -0.15
 '0.0600000000000000                                  '] 
[0.35 0.04 -0.12 0.21 0.46 0.15 0.34 -0.07 -0.05 -0.26 -0.05 -0.32 -0.45
 '-0.240000000000000  '] 
[0.64 nan 0.11 -0.01 0.27 0.02 nan 0.01 -0.09 -0.17 0.07 -0.26 -0.79
 '0.0800000000000000  '] 
[0.46 0.02 -0.23 0.04 -0.23 -0.08 -0.04 0.09 -0.12 0.04 0.16 0.02 -0.21
 '0.0700000000000000  '] 
[0.0 -0.84 -0.49 -0.42 -0.49 -0.68 -0.03 0.39 0.55 0.56 0.48 0.57 0.13
 '0.290000000000000                   '] 
[1.25 -0.47 0.09 0.39 0.37 0.09 1.09 -0.39 -0.16 -0.39 -0.2 nan -0.86
 '-0.330000000000000  '] 
[-0.73 -0.83 -0.31 0.12 0.7 0.82 0.51 0.27 0.12 0.17 0.34 -0.29 -0.73
 '-0.180000000000000  '] 
[0.08 -0.06 0.04 0.14 nan -0.22 -0.06 0.19 0.02 -0.22 0.1 0.1 -0.22
 '-0.0600000000000000 '] 
[-0.27 -0.05 nan -0.17 0.0 -0.11 -0.13 -0.03 0.22 0.19 -0.07 nan -0.03
 '0.280000000000000                   '] 
[-0.14 -0.09 -0.33 -0.27 0.29 -0.01 0.11 0.18 -0.06 0.08 0.24 0.01 -0.14
 '0.110000000000000   '] 
[0.33 -0.18 -0.16 -0.18 0.05 -0.43 -0.22 -0.28 0.26 0.26 -0.26 0.34 0.3
 '0.140000000000000   '] 
[0.71 0.1 0.04 0.11 -0.14 -0.19 -0.1 -0.27 -0.18 -0.21 -0.27 0.1 0.14
 '0.150000000000000   '] 
[-1.0 0.34 0.24 -0.2 -0.25 -0.09 -0.16 0.41 0.19 0.11 0.08 0.21 -0.02
 '0.130000000000000                   '] 
[-0.06 -0.18 -0.28 -0.41 -0.3 -0.19 -0.54 0.0 0.22 0.14 0.37 0.37 0.28
 '0.600000000000000                   '] 
[1.43 -0.12 0.13 0.13 0.04 0.01 0.16 -0.06 -0.31 -0.37 -0.21 -0.6 -0.21
 '-0.0300000000000000 '] 
[0.85 0.05 0.37 0.23 -0.12 -0.12 -0.03 -0.01 -0.33 -0.35 -0.16 -0.12 -0.37
 '0.140000000000000   '] 
[-0.27 -0.18 -0.06 -0.02 0.35 0.13 0.19 0.04 0.11 -0.12 0.02 0.06 -0.14
 '-0.100000000000000  '] 
[0.1 -0.3 0.64 0.28 0.19 -0.02 0.06 0.21 -0.17 -0.04 -0.27 -0.25 -0.36
 '-0.0600000000000000 '] 
[-0.07 0.06 -0.22 0.59 -0.16 -0.25 0.08 nan 0.0 -0.08 -0.31 0.06 0.28
 '0.180000000000000                   '] 
[-0.21 1.23 0.37 0.16 0.31 0.19 -0.01 -0.26 -0.23 0.16 -0.13 -0.11 -0.98
 '-0.490000000000000  '] 
[1.27 1.67 0.45 -0.67 -0.7 -0.73 -0.57 -0.45 0.04 -0.07 -0.12 0.23 -0.09
 '-0.260000000000000  '] 
[-1.28 -0.21 -0.13 0.22 -0.08 0.23 0.35 0.08 0.01 0.37 -0.18 nan 0.16
 '0.300000000000000   '] 
[1.07 0.21 0.32 0.47 -0.07 -0.03 -0.14 -0.25 -0.52 -0.52 -0.01 -0.04 -0.37
 '-0.120000000000000  '] 
[0.69 0.03 -0.09 -0.32 -0.74 -1.08 -0.62 -0.05 0.46 0.07 -0.18 0.7 0.76
 '0.360000000000000   '] 
[-0.9 -0.56 -0.22 -0.14 -0.32 0.01 0.14 0.41 0.27 0.45 0.03 0.21 0.34
 '0.280000000000000   '] 
[0.08 -0.24 -0.04 0.16 -0.03 0.06 0.11 0.45 0.13 0.22 -0.06 nan -0.49
 '-0.0300000000000000 '] 
[0.28 nan 0.16 0.16 -0.15 0.0 -0.22 nan -0.22 0.0 -0.13 0.05 -0.05
 '0.0600000000000000                                  '] 
[-0.49 -0.46 0.01 -0.7 0.13 0.05 0.56 0.49 0.33 0.1 0.3 0.22 -0.28
 '-0.260000000000000  '] 
[0.08 0.01 0.35 0.22 0.04 -0.01 -0.2 0.01 -0.18 0.2 -0.15 -0.03 -0.44
 '0.100000000000000   '] 
[0.56 0.05 -0.02 nan -0.09 -0.67 -0.41 0.01 0.27 -0.04 -0.37 0.46 0.36
 '0.0100000000000000  '] 
[1.87 0.91 0.81 0.45 -0.46 -1.07 -0.79 -0.6 -0.07 -0.48 nan -0.09 0.37
 '0.0300000000000000  '] 
[1.97 0.09 0.0 -0.28 -0.84 -0.68 -0.53 0.0 -0.02 -0.3 -0.32 0.29 0.33
 '0.290000000000000                                   '] 
[0.19 -0.32 -0.14 -0.08 0.26 0.25 -0.1 0.11 -0.03 -0.16 0.29 -0.08 -0.27
 '0.0800000000000000  '] 
[0.39 -0.28 -0.35 0.01 0.1 -0.09 0.1 0.19 -0.09 0.14 0.14 -0.09 -0.33
 '0.160000000000000   '] 
[-0.39 -0.35 0.65 -0.3 -0.17 -0.24 -0.06 0.1 0.31 0.3 -0.09 0.08 nan
 '0.310000000000000   '] 
[-0.39 -0.46 -0.3 0.03 -0.04 0.04 0.15 -0.08 0.46 0.29 -0.26 0.46 -0.08
 '0.170000000000000   '] 
[0.25 0.02 0.14 -0.19 0.02 -0.27 -0.25 -0.05 nan 0.02 -0.09 0.1 0.22
 '-0.130000000000000  '] 
[-0.4 0.52 -0.31 -0.08 0.03 0.05 -0.05 -0.12 0.14 -0.12 0.15 0.03 -0.14
 '0.290000000000000   '] 
[0.57 -0.24 -0.03 -0.12 0.1 0.15 -0.01 -0.08 0.12 -0.24 -0.12 -0.16 -0.14
 '0.210000000000000   '] 
[0.66 0.38 0.0 0.14 -0.34 -0.34 -1.04 0.17 0.2 -0.21 -0.37 0.15 0.38
 '0.230000000000000                   '] 
[0.22 0.03 0.09 -0.17 0.1 0.07 0.04 -0.09 0.03 -0.31 -0.04 0.1 -0.24
 '0.170000000000000   '] 
[1.45 -0.53 -0.02 -0.51 -0.4 -0.49 -0.6 0.03 0.19 -0.05 -0.32 0.42 0.33
 '0.480000000000000   '] 
[0.57 0.06 -0.16 -0.2 -0.08 -0.2 -0.46 -0.06 0.18 nan -0.16 0.09 0.04 nan] 
[0.58 -0.07 -0.47 -0.02 -0.05 nan 0.02 -0.23 -0.07 -0.17 1.59 -0.17 nan
 '-0.130000000000000  '] 
[nan -0.15 -0.04 -0.38 -0.25 -0.91 -0.49 0.01 0.31 -0.06 -0.25 nan 0.44
 '0.460000000000000   '] 
[0.43 -0.16 0.11 -0.11 -0.32 -0.21 -0.14 -0.13 0.23 0.06 -0.24 0.34 0.32
 '-0.180000000000000  '] 
[0.06 0.3 0.01 0.14 -0.11 -0.16 -0.02 0.06 -0.09 0.09 -0.25 -0.14 -0.03
 '0.130000000000000   '] 
[0.24 0.11 -0.37 0.25 -0.6 -0.58 -0.62 0.29 0.32 0.05 -0.32 0.17 0.73
 '0.310000000000000   '] 
[-0.28 nan 0.01 -0.02 -0.15 0.04 -0.18 0.29 -0.1 -0.18 -0.1 -0.17 0.28
 '0.140000000000000   '] 
[-0.02 0.8 -0.36 -0.2 -0.2 -0.46 -0.29 nan nan -0.04 0.01 0.33 -0.08
 '0.500000000000000   '] 
[-0.39 0.25 0.05 -0.47 -0.47 -0.47 -0.35 0.31 nan nan 0.18 0.32 0.22
 '0.220000000000000   '] 
[0.9 0.19 0.37 -0.06 -0.48 -0.48 -0.21 -0.16 -0.16 -0.35 -0.24 0.16 0.3
 '0.240000000000000   '] 
[0.12 -0.02 0.12 -0.11 -0.05 -0.07 -0.05 -0.04 0.0 -0.17 0.13 0.1 -0.05
 '0.100000000000000                   '] 
[0.37 -0.42 -0.15 -0.27 -0.05 nan 0.22 0.12 0.19 -0.08 0.16 0.09 -0.29
 '-0.0300000000000000 '] 
[0.44 0.27 nan -0.43 -0.18 0.01 0.22 -0.1 -0.2 -0.26 0.05 0.0 0.2
 '0.120000000000000                   '] 
[0.31 0.31 1.24 -0.08 nan -0.03 -0.13 -0.29 -0.33 -0.33 0.02 -0.29 -0.37
 '-0.0800000000000000 '] 
[0.39 -0.1 -0.1 -0.43 0.18 0.3 -0.01 nan 0.08 -0.12 0.32 -0.48 -0.31
 '0.0300000000000000  '] 
[0.19 -0.01 0.24 0.22 0.34 0.06 0.31 -0.19 -0.06 nan 0.16 -0.48 -0.21
 '-0.190000000000000  '] 
[-1.04 -0.72 -0.28 -0.17 0.45 0.73 0.6 0.36 0.18 0.22 0.28 -0.17 -0.6
 '0.150000000000000   '] 
[0.67 0.02 -0.13 -0.22 -0.14 -0.2 -0.26 -0.42 nan 0.05 -0.2 0.47 0.19
 '0.250000000000000   '] 
[0.93 -0.16 -0.08 -0.25 -0.23 -0.1 -0.05 0.01 -0.07 -0.37 0.28 0.26 -0.16
 '0                   '] 
[1.15 0.37 0.46 0.16 -0.58 -0.53 -0.27 -0.23 0.0 -0.38 -0.14 0.05 -0.16
 '0.120000000000000                   '] 
[0.09 nan 0.51 -0.15 0.32 0.34 0.26 -0.13 -0.2 -0.24 0.32 -0.34 -0.59
 '-0.170000000000000  '] 
[nan 0.1 0.3 0.07 -0.22 -0.2 -0.13 0.1 0.02 -0.2 -0.09 -0.2 -0.01
 '0.0400000000000000  '] 
[0.67 0.05 -0.04 -0.1 0.14 -0.1 -0.14 -0.16 -0.16 -0.02 -0.12 0.09 -0.2
 '0.0700000000000000  '] 
[-0.77 -0.29 -0.31 nan 0.03 -0.17 nan nan 0.37 0.42 -0.12 0.04 -0.08
 '0.400000000000000   '] 
[0.62 0.01 -0.08 -0.29 -0.1 -0.41 -0.46 -0.02 0.28 0.16 -0.36 0.36 0.34
 '-0.0400000000000000 '] 
[0.38 0.08 0.04 -0.01 0.1 -0.38 0.21 -0.03 0.05 0.1 nan 0.08 -0.38
 '-0.0100000000000000 '] 
[-0.91 -0.11 -0.06 0.23 nan nan 0.31 0.37 0.17 0.14 -0.06 -0.09 -0.22
 '-0.370000000000000  '] 
[0.84 -0.35 -0.1 -0.37 -0.48 -0.46 -0.13 0.43 0.38 -0.12 -0.13 0.26 0.22
 '0                   '] 
[-0.02 -0.04 0.0 0.1 0.08 -0.31 -0.15 -0.04 0.16 -0.06 -0.24 0.21 0.12
 '0.190000000000000                   '] 
[-0.83 0.04 0.1 -0.18 -1.1 -0.51 0.11 0.51 0.46 0.29 -0.02 0.61 0.16
 '0.360000000000000   '] 
[0.09 nan -0.15 -0.03 -0.07 -0.09 0.04 -0.01 0.09 0.18 0.23 -0.4 -0.13
 '0.210000000000000   '] 
[0.24 -0.18 -0.28 -0.11 -0.89 -0.6 -0.47 0.18 0.17 0.11 -0.04 0.47 0.79
 '0.600000000000000   '] 
[0.27 -0.29 -0.25 0.38 0.08 0.35 -0.11 0.24 0.24 0.21 0.06 -0.79 -0.31
 '-0.0600000000000000 '] 
[-0.33 0.44 -0.08 nan -0.16 -0.02 -0.23 0.15 -0.13 0.21 0.15 0.07 -0.37
 '0.390000000000000   '] 
[-0.06 -0.06 0.22 0.01 0.36 0.21 0.12 0.14 0.07 -0.1 -0.2 -0.1 -0.13
 '-0.490000000000000  '] 
[-0.36 -0.83 -0.51 -0.06 0.08 0.31 0.06 -0.12 0.51 0.49 0.17 0.28 -0.05 nan] 
[0.51 -0.05 -0.3 -0.09 nan -0.07 -0.05 0.15 0.24 -0.07 nan -0.01 -0.26
 '0.0100000000000000  '] 
[0.03 0.05 0.03 -0.05 0.19 -0.3 -0.05 -0.05 0.28 -0.01 -0.07 0.15 -0.13
 '-0.0900000000000000 '] 
[-0.75 -0.32 -0.16 0.22 0.16 0.09 -0.02 0.3 0.09 0.25 -0.18 0.02 0.1
 '0.190000000000000   '] 
[-0.4 0.35 0.02 0.34 -0.3 -0.15 0.0 0.12 -0.01 0.2 -0.26 0.04 -0.07
 '0.120000000000000                   '] 
[0.13 -0.06 0.07 0.61 0.28 0.09 0.01 -0.27 0.4 0.01 -0.27 -0.41 -0.38 nan] 
[0.61 0.01 0.17 0.53 0.01 -0.1 nan -0.18 -0.01 -0.22 -0.08 -0.49 -0.1
 '-0.0700000000000000 '] 
[0.08 -0.5 -0.26 -0.38 -0.5 -0.14 -0.07 0.28 0.48 0.1 0.1 0.43 0.1
 '0.280000000000000   '] 
[0.1 0.25 0.16 -0.04 0.1 -0.06 0.28 -0.06 -0.09 -0.59 0.13 0.05 -0.25
 '0.0200000000000000  '] 
[-0.21 -0.14 -0.63 -0.6 nan -0.04 -0.06 0.42 0.62 0.46 0.0 0.43 0.23
 '0.0200000000000000                  '] 
[-0.62 0.24 0.44 0.02 -0.36 -0.22 -0.38 nan 0.02 0.12 0.34 0.22 -0.01
 '0.0800000000000000  '] 
[0.33 nan -0.15 -0.08 -0.15 -0.08 0.06 0.19 -0.01 -0.01 -0.1 0.12 0.18
 '0.130000000000000   '] 
[0.35 0.01 0.11 0.32 0.03 0.03 0.09 -0.03 -0.31 -0.35 0.18 nan -0.01
 '-0.270000000000000  '] 
[-0.79 -0.54 0.05 0.54 0.68 0.51 0.54 0.29 -0.25 -0.17 0.0 -0.07 -0.5
 '-0.290000000000000                  '] 
[-0.54 -0.08 -0.11 0.74 0.26 nan 0.39 0.02 0.07 0.09 -0.28 -0.11 -0.26
 '-0.280000000000000  '] 
[0.24 -0.21 -0.09 -0.29 0.25 0.08 0.13 -0.13 0.18 0.02 0.1 -0.09 -0.23
 '0.0500000000000000  '] 
[1.94 0.67 0.71 0.01 -0.99 -0.95 -0.95 -0.32 0.35 -0.49 -0.78 0.41 0.33
 '0.0600000000000000  '] 
[0.36 -0.28 -0.02 0.37 0.26 -0.02 0.31 0.12 -0.41 -0.11 -0.08 -0.08 -0.32
 '-0.100000000000000  '] 
[0.88 0.23 0.53 0.54 -0.97 -1.21 -0.95 -0.54 0.39 -0.65 -1.18 0.56 1.51
 '0.870000000000000   '] 
[-0.27 -0.11 -0.2 -0.41 -0.11 -0.15 -0.09 0.03 0.3 0.36 0.16 0.3 0.2
 '-0.0100000000000000 '] 
[-0.05 -0.19 -0.33 -0.44 -0.15 -0.23 -0.01 0.28 0.33 0.28 0.07 0.16 0.13
 '0.150000000000000   '] 
[0.6 -0.02 -0.09 0.49 0.31 -0.02 0.05 -0.31 -0.15 -0.53 0.16 -0.56 0.41
 '-0.340000000000000  '] 
[-0.37 -0.3 0.61 -0.06 -0.25 -0.32 -0.5 0.17 0.06 0.37 0.0 0.21 0.2
 '0.170000000000000                   '] 
[1.11 -0.13 -0.16 0.12 0.15 -0.22 -0.02 -0.15 -0.2 -0.4 -0.06 -0.01 nan
 '0.150000000000000   '] 
[-0.06 0.06 -0.56 0.02 nan 0.08 -0.05 0.02 -0.01 0.26 0.24 0.18 -0.16
 '0.200000000000000   '] 
[0.08 0.06 0.05 -0.03 -0.27 -0.23 -0.14 0.15 -0.03 -0.08 0.14 -0.05 -0.02
 '0.380000000000000   '] 
[-0.43 0.17 -0.91 0.38 -0.16 -0.01 0.0 0.31 0.19 0.33 -0.22 0.3 -0.16
 '0.200000000000000                   '] 
[-1.07 -0.39 -0.48 -0.27 -0.13 0.48 0.28 0.45 0.16 0.19 0.17 0.48 0.04
 '0.100000000000000   '] 
[nan -0.09 0.29 -0.01 -0.18 -0.23 0.22 0.03 -0.06 0.15 -0.15 -0.04 -0.21
 '0.240000000000000   '] 
[-0.03 -0.27 -0.12 0.32 0.41 -0.19 0.13 -0.1 -0.38 -0.03 0.25 0.04 -0.25
 '0.190000000000000   '] 
[-0.64 -0.02 -0.2 0.14 0.18 -0.01 0.08 0.27 0.06 0.42 -0.04 nan nan
 '0.140000000000000   '] 
[nan -0.17 -0.06 0.62 0.95 0.76 0.28 0.08 -0.01 0.57 -0.38 -0.64 -0.33
 '-0.290000000000000  '] 
[0.4 -0.43 -0.47 0.03 0.1 0.26 -0.14 0.03 0.19 0.13 -0.09 -0.16 0.07
 '0.0600000000000000  '] 
[-0.29 nan 0.09 0.29 0.39 -0.01 -0.23 -0.09 -0.05 0.11 -0.07 -0.07 -0.01
 '0.0200000000000000  '] 
[0.76 0.16 -0.14 -0.4 -0.03 -0.29 -0.11 -0.01 0.03 -0.09 -0.34 0.12 0.32
 '0.0200000000000000  '] 
[0.32 0.03 -0.21 0.21 0.62 0.17 -0.21 -0.15 -0.4 -0.33 0.21 -0.01 nan
 '0.190000000000000   '] 
[-0.8 -0.22 -0.67 0.21 0.35 0.34 0.24 0.56 0.18 0.19 -0.09 -0.09 -0.17
 '-0.0300000000000000 '] 
[0.32 nan -0.35 -0.67 -1.07 -1.0 -0.73 0.04 0.54 0.42 0.4 0.66 nan
 '0.140000000000000                   '] 
[1.13 0.1 -0.13 -0.51 -0.13 -0.36 -0.43 -0.22 0.25 -0.22 -0.24 0.52 0.17
 '0.0500000000000000  '] 
[1.07 0.0 -0.07 -0.35 -0.26 -0.39 -0.53 -0.01 0.09 -0.17 -0.45 0.44 0.5
 '0.110000000000000                   '] 
[0.88 -0.18 -0.18 -0.18 0.03 -0.14 0.01 -0.28 0.05 -0.01 nan 0.11 -0.18
 '0.180000000000000   '] 
[0.38 -0.29 -0.1 0.13 nan 0.19 -0.18 -0.14 0.02 0.01 0.13 -0.05 -0.27
 '-0.120000000000000  '] 
[nan -0.17 -0.33 0.13 0.13 -0.1 -0.01 -0.08 -0.06 -0.06 -0.06 -0.01 0.04
 '-0.120000000000000  '] 
[0.38 0.26 -0.09 -0.03 0.14 0.18 0.07 0.03 -0.14 -0.06 -0.01 -0.33 -0.27
 '-0.150000000000000  '] 
[0.14 0.29 0.03 0.28 -0.4 -0.57 -0.34 0.03 0.23 -0.42 nan 0.47 0.44
 '0.310000000000000   '] 
[1.06 0.11 0.47 -0.43 -0.55 0.19 0.14 0.12 -0.17 -0.38 -0.03 0.02 -0.31
 '-0.230000000000000  '] 
[-0.79 0.21 0.2 0.25 0.03 0.37 0.06 0.27 -0.13 0.12 -0.03 -0.13 -0.51
 '0.0800000000000000  '] 
[1.19 0.17 0.01 0.32 0.18 -0.52 -0.25 -0.06 -0.18 -0.22 0.02 -0.09 -0.33
 '-0.240000000000000  '] 
[-0.95 nan 0.08 0.13 0.3 nan -0.07 0.33 0.26 0.22 0.11 -0.07 -0.32
 '-0.280000000000000  '] 
[0.26 0.17 -0.08 0.29 0.17 0.27 0.07 0.0 -0.14 -0.05 -0.16 -0.25 -0.19
 '-0.370000000000000                  '] 
[0.4 -0.25 -0.47 -0.4 -0.54 -0.54 -0.4 0.05 0.66 0.29 -0.27 0.78 0.32
 '0.360000000000000   '] 
[0.1 1.34 -0.01 -0.21 -0.19 0.15 -0.14 0.04 -0.1 nan nan nan -0.27
 '-0.190000000000000  '] 
[0.58 -0.19 -0.32 0.15 0.15 -0.14 0.29 -0.14 0.54 -0.14 -0.16 -0.23 -0.5
 '0.130000000000000   '] 
[0.64 0.17 0.3 0.2 0.1 0.1 0.19 -0.28 -0.43 -0.43 0.09 -0.13 -0.54
 '0.0300000000000000  '] 
[-1.06 -0.27 -0.1 -0.07 -0.33 -0.51 -0.34 0.51 0.29 0.36 0.11 0.51 0.51
 '0.410000000000000   '] 
[0.19 -0.27 -0.43 -0.12 -0.07 0.21 -0.01 0.24 0.04 0.01 -0.16 -0.09 0.34
 '0.110000000000000   '] 
[0.38 0.1 0.22 0.08 0.13 0.3 -0.12 0.06 -0.16 nan -0.19 -0.1 -0.38
 '-0.0800000000000000 '] 
[-0.06 -0.06 0.12 0.34 0.07 -0.06 -0.12 0.08 -0.07 0.04 -0.1 -0.16 -0.16
 '0.140000000000000   '] 
[0.12 -0.18 -0.08 -0.18 0.1 0.08 0.15 0.15 0.05 -0.31 0.01 0.01 0.03
 '0.0300000000000000  '] 
[-0.03 0.36 -0.04 0.41 0.15 0.04 -0.41 0.19 -0.45 -0.01 0.06 -0.08 -0.26
 '0.0700000000000000  '] 
[-0.45 -0.31 -0.26 -0.74 -0.06 0.09 -0.37 0.38 0.35 0.45 0.13 0.27 0.31
 '0.190000000000000   '] 
[0.12 -0.27 0.03 0.36 1.09 0.41 0.15 0.01 -0.22 -0.01 -0.09 -0.55 -0.55
 '-0.490000000000000  '] 
[1.31 0.05 -0.17 0.23 -0.25 -0.76 -0.06 -0.22 0.36 -0.17 -0.46 -0.06 0.21
 '-0.0100000000000000 '] 
[0.34 0.03 -0.12 -0.03 0.33 -0.23 -0.08 0.2 -0.08 0.08 -0.12 -0.14 0.12
 '-0.300000000000000  '] 
[-0.03 -0.03 -0.22 0.06 -0.03 -0.31 0.01 0.22 0.46 0.24 -0.42 0.21 -0.26
 '0.100000000000000   '] 
